   0.00000000E+00   0.13088500E+05   0.00000000E+00
   0.38172000E+05   0.13088180E+05   0.34885408E+08
   0.76344000E+05   0.13087230E+05   0.13953347E+09
   0.11451600E+06   0.13085640E+05   0.31391984E+09
   0.15268800E+06   0.13083420E+05   0.55800397E+09
   0.19085900E+06   0.13080570E+05   0.87171994E+09
   0.22903100E+06   0.13077080E+05   0.12550113E+10
   0.26720300E+06   0.13072950E+05   0.17077812E+10
   0.30537500E+06   0.13068190E+05   0.22299246E+10
   0.34354700E+06   0.13062800E+05   0.28213197E+10
   0.38171900E+06   0.13056770E+05   0.34818286E+10
   0.41989100E+06   0.13050110E+05   0.42112975E+10
   0.45806300E+06   0.13042810E+05   0.50095575E+10
   0.49623400E+06   0.13034880E+05   0.58763976E+10
   0.53440600E+06   0.13026310E+05   0.68116623E+10
   0.57257800E+06   0.13017110E+05   0.78151107E+10
   0.61075000E+06   0.13007280E+05   0.88865096E+10
   0.64892200E+06   0.12996810E+05   0.10025608E+11
   0.68709400E+06   0.12985700E+05   0.11232143E+11
   0.72526600E+06   0.12973970E+05   0.12505832E+11
   0.76343800E+06   0.12961590E+05   0.13846378E+11
   0.80160900E+06   0.12948580E+05   0.15253428E+11
   0.83978100E+06   0.12934940E+05   0.16726729E+11
   0.87795300E+06   0.12920660E+05   0.18265899E+11
   0.91612500E+06   0.12905750E+05   0.19870579E+11
   0.95429700E+06   0.12890210E+05   0.21540399E+11
   0.99246900E+06   0.12874020E+05   0.23274959E+11
   0.10306410E+07   0.12857210E+05   0.25073859E+11
   0.10688130E+07   0.12839760E+05   0.26936680E+11
   0.11069840E+07   0.12821670E+05   0.28862931E+11
   0.11451560E+07   0.12802960E+05   0.30852258E+11
   0.11833280E+07   0.12783600E+05   0.32904149E+11
   0.12215000E+07   0.12763610E+05   0.35018129E+11
   0.12215000E+07   0.12166330E+05   0.35018129E+11
   0.12920780E+07   0.12129260E+05   0.38883574E+11
   0.13626560E+07   0.12090470E+05   0.42919473E+11
   0.14332340E+07   0.12049910E+05   0.47125455E+11
   0.15038130E+07   0.12007540E+05   0.51500581E+11
   0.15743910E+07   0.11963320E+05   0.56043184E+11
   0.16449690E+07   0.11917200E+05   0.60751335E+11
   0.17155470E+07   0.11869140E+05   0.65622671E+11
   0.17861250E+07   0.11819080E+05   0.70654476E+11
   0.18567030E+07   0.11766990E+05   0.75843707E+11
   0.19272810E+07   0.11712820E+05   0.81187062E+11
   0.19978590E+07   0.11656520E+05   0.86680936E+11
   0.20684380E+07   0.11598050E+05   0.92321595E+11
   0.21390160E+07   0.11537370E+05   0.98104812E+11
   0.22095940E+07   0.11474420E+05   0.10402637E+12
   0.22801720E+07   0.11409170E+05   0.11008178E+12
   0.23507500E+07   0.11341570E+05   0.11626631E+12
   0.24213280E+07   0.11271580E+05   0.12257504E+12
   0.24919060E+07   0.11199140E+05   0.12900289E+12
   0.25624850E+07   0.11124210E+05   0.13554459E+12
   0.26330630E+07   0.11046760E+05   0.14219451E+12
   0.27036410E+07   0.10966730E+05   0.14894703E+12
   0.27742190E+07   0.10884070E+05   0.15579629E+12
   0.28447970E+07   0.10798750E+05   0.16273624E+12
   0.29153750E+07   0.10710720E+05   0.16976070E+12
   0.29859530E+07   0.10619930E+05   0.17686328E+12
   0.30565310E+07   0.10526340E+05   0.18403743E+12
   0.31271100E+07   0.10429910E+05   0.19127652E+12
   0.31976880E+07   0.10330580E+05   0.19857352E+12
   0.32682660E+07   0.10228310E+05   0.20592150E+12
   0.33388440E+07   0.10123060E+05   0.21331331E+12
   0.34094220E+07   0.10014790E+05   0.22074163E+12
   0.34800000E+07   0.99034404E+04   0.22819906E+12
   0.34800000E+07   0.55664600E+04   0.22819906E+12
   0.35175000E+07   0.55476699E+04   0.23042058E+12
   0.35550000E+07   0.55289102E+04   0.23262375E+12
   0.35925000E+07   0.55101802E+04   0.23480923E+12
   0.36300000E+07   0.54914800E+04   0.23697767E+12
   0.36300000E+07   0.54914800E+04   0.23697767E+12
   0.36664820E+07   0.54732900E+04   0.23907146E+12
   0.37029630E+07   0.54551299E+04   0.24115020E+12
   0.37394450E+07   0.54369702E+04   0.24321448E+12
   0.37759260E+07   0.54188198E+04   0.24526471E+12
   0.38124080E+07   0.54006699E+04   0.24730141E+12
   0.38488890E+07   0.53825200E+04   0.24932493E+12
   0.38853710E+07   0.53643701E+04   0.25133580E+12
   0.39218520E+07   0.53462100E+04   0.25333429E+12
   0.39583330E+07   0.53280400E+04   0.25532085E+12
   0.39948150E+07   0.53098501E+04   0.25729588E+12
   0.40312960E+07   0.52916499E+04   0.25925960E+12
   0.40677780E+07   0.52734302E+04   0.26121244E+12
   0.41042590E+07   0.52551802E+04   0.26315461E+12
   0.41407410E+07   0.52369102E+04   0.26508648E+12
   0.41772220E+07   0.52186001E+04   0.26700825E+12
   0.42137040E+07   0.52002598E+04   0.26892023E+12
   0.42501850E+07   0.51818799E+04   0.27082257E+12
   0.42866670E+07   0.51634600E+04   0.27271561E+12
   0.43231480E+07   0.51450000E+04   0.27459948E+12
   0.43596300E+07   0.51264800E+04   0.27647446E+12
   0.43961110E+07   0.51079199E+04   0.27834063E+12
   0.44325930E+07   0.50892900E+04   0.28019832E+12
   0.44690740E+07   0.50706099E+04   0.28204755E+12
   0.45055560E+07   0.50518701E+04   0.28388858E+12
   0.45420370E+07   0.50330601E+04   0.28572149E+12
   0.45785190E+07   0.50141802E+04   0.28754647E+12
   0.46150000E+07   0.49952202E+04   0.28936359E+12
   0.46514820E+07   0.49761899E+04   0.29117304E+12
   0.46879630E+07   0.49570801E+04   0.29297482E+12
   0.47244450E+07   0.49378901E+04   0.29476913E+12
   0.47609260E+07   0.49186099E+04   0.29655600E+12
   0.47974080E+07   0.48992402E+04   0.29833560E+12
   0.48338890E+07   0.48797798E+04   0.30010789E+12
   0.48703710E+07   0.48602100E+04   0.30187300E+12
   0.49068520E+07   0.48405498E+04   0.30363097E+12
   0.49433340E+07   0.48207900E+04   0.30538187E+12
   0.49798150E+07   0.48009102E+04   0.30712568E+12
   0.50162970E+07   0.47809302E+04   0.30886255E+12
   0.50527780E+07   0.47608301E+04   0.31059241E+12
   0.50892600E+07   0.47406099E+04   0.31231535E+12
   0.51257410E+07   0.47202700E+04   0.31403134E+12
   0.51622220E+07   0.46997998E+04   0.31574039E+12
   0.51987040E+07   0.46792100E+04   0.31744259E+12
   0.52351850E+07   0.46584800E+04   0.31913784E+12
   0.52716670E+07   0.46376201E+04   0.32082625E+12
   0.53081480E+07   0.46166201E+04   0.32250764E+12
   0.53446300E+07   0.45954800E+04   0.32418215E+12
   0.53811110E+07   0.45741899E+04   0.32584971E+12
   0.54175930E+07   0.45527500E+04   0.32751029E+12
   0.54540740E+07   0.45311602E+04   0.32916383E+12
   0.54905560E+07   0.45094199E+04   0.33081039E+12
   0.55270370E+07   0.44875098E+04   0.33244978E+12
   0.55635190E+07   0.44654399E+04   0.33408208E+12
   0.56000000E+07   0.44432002E+04   0.33570718E+12
   0.56000000E+07   0.44432002E+04   0.33570718E+12
   0.56336670E+07   0.44225298E+04   0.33720048E+12
   0.56673340E+07   0.44017100E+04   0.33868756E+12
   0.57010000E+07   0.43807402E+04   0.34016834E+12
   0.57010000E+07   0.39921201E+04   0.34016834E+12
   0.57710000E+07   0.39758201E+04   0.34296100E+12
   0.57710000E+07   0.39758201E+04   0.34296100E+12
   0.58043340E+07   0.39338101E+04   0.34428014E+12
   0.58376670E+07   0.38918000E+04   0.34558457E+12
   0.58710000E+07   0.38497800E+04   0.34687425E+12
   0.59043340E+07   0.38077700E+04   0.34814925E+12
   0.59376670E+07   0.37657600E+04   0.34940944E+12
   0.59710000E+07   0.37237500E+04   0.35065479E+12
   0.59710000E+07   0.35432600E+04   0.35065479E+12
   0.59935000E+07   0.35298301E+04   0.35144807E+12
   0.60160000E+07   0.35163899E+04   0.35223768E+12
   0.60385000E+07   0.35029600E+04   0.35302362E+12
   0.60610000E+07   0.34895200E+04   0.35380599E+12
   0.60835000E+07   0.34760801E+04   0.35458466E+12
   0.61060000E+07   0.34626499E+04   0.35535972E+12
   0.61285000E+07   0.34492100E+04   0.35613118E+12
   0.61510000E+07   0.34357700E+04   0.35689903E+12
   0.61510000E+07   0.33594900E+04   0.35689903E+12
   0.61790000E+07   0.33625300E+04   0.35783111E+12
   0.62070000E+07   0.33655801E+04   0.35876300E+12
   0.62350000E+07   0.33686201E+04   0.35969476E+12
   0.62630000E+07   0.33716599E+04   0.36062649E+12
   0.62910000E+07   0.33747100E+04   0.36155818E+12
   0.62910000E+07   0.33747100E+04   0.36155818E+12
   0.63188000E+07   0.33777300E+04   0.36248322E+12
   0.63466000E+07   0.33807500E+04   0.36340836E+12
   0.63466000E+07   0.29000000E+04   0.36340836E+12
   0.63560000E+07   0.29000000E+04   0.36367663E+12
   0.63560000E+07   0.26000000E+04   0.36367663E+12
   0.63680000E+07   0.26000000E+04   0.36398341E+12
   0.63680000E+07   0.10200000E+04   0.36398341E+12
   0.63710000E+07   0.10200000E+04   0.36401345E+12
